
#include "sampletable.hpp"


namespace trackerboy {

const int16_t SAMPLE_TABLE[] = {
    //     0x0    0x1    0x2    0x3    0x4    0x5    0x6    0x7    0x8    0x9    0xA    0xB    0xC    0xD    0xE    0xF   // 4-bit sample
    // ===================================================================================================================//==============
             0,     0,     0,     0,     0,     0,     0,     0,     0,     0,     0,     0,     0,     0,     0,     0,  // Env = 0x0
             0,    36,    73,   109,   146,   182,   218,   255,   291,   328,   364,   400,   437,   473,   510,   546,  // Env = 0x1
             0,    73,   146,   218,   291,   364,   437,   510,   582,   655,   728,   801,   874,   947,  1019,  1092,  // Env = 0x2
             0,   109,   218,   328,   437,   546,   655,   764,   874,   983,  1092,  1201,  1311,  1420,  1529,  1638,  // Env = 0x3
             0,   146,   291,   437,   582,   728,   874,  1019,  1165,  1311,  1456,  1602,  1747,  1893,  2039,  2184,  // Env = 0x4
             0,   182,   364,   546,   728,   910,  1092,  1274,  1456,  1638,  1820,  2002,  2184,  2366,  2548,  2730,  // Env = 0x5
             0,   218,   437,   655,   874,  1092,  1311,  1529,  1747,  1966,  2184,  2403,  2621,  2840,  3058,  3276,  // Env = 0x6
             0,   255,   510,   764,  1019,  1274,  1529,  1784,  2039,  2293,  2548,  2803,  3058,  3313,  3568,  3822,  // Env = 0x7
             0,   291,   582,   874,  1165,  1456,  1747,  2039,  2330,  2621,  2912,  3204,  3495,  3786,  4077,  4369,  // Env = 0x8
             0,   328,   655,   983,  1311,  1638,  1966,  2293,  2621,  2949,  3276,  3604,  3932,  4259,  4587,  4915,  // Env = 0x9
             0,   364,   728,  1092,  1456,  1820,  2184,  2548,  2912,  3276,  3640,  4004,  4369,  4733,  5097,  5461,  // Env = 0xA
             0,   400,   801,  1201,  1602,  2002,  2403,  2803,  3204,  3604,  4004,  4405,  4805,  5206,  5606,  6007,  // Env = 0xB
             0,   437,   874,  1311,  1747,  2184,  2621,  3058,  3495,  3932,  4369,  4805,  5242,  5679,  6116,  6553,  // Env = 0xC
             0,   473,   947,  1420,  1893,  2366,  2840,  3313,  3786,  4259,  4733,  5206,  5679,  6152,  6626,  7099,  // Env = 0xD
             0,   510,  1019,  1529,  2039,  2548,  3058,  3568,  4077,  4587,  5097,  5606,  6116,  6626,  7135,  7645,  // Env = 0xE
             0,   546,  1092,  1638,  2184,  2730,  3276,  3822,  4369,  4915,  5461,  6007,  6553,  7099,  7645,  8191   // Env = 0xF};
};

}